# x (au), dx (au), v (km/s), dv (km/s)
4.237065272438722445e+02 8.399999999895841896e+00 1.670979528342170006e+00 0.000000000000000000e+00
3.180991381507771507e+02 8.399999999895841896e+00 1.879333268130497281e+00 0.000000000000000000e+00
2.381035006538326115e+02 8.399999999895841896e+00 2.087687007952109930e+00 0.000000000000000000e+00
1.891380001959505250e+02 8.399999999895841896e+00 2.296040747773720803e+00 0.000000000000000000e+00
1.536240046082767776e+02 8.399999999895841896e+00 2.504394487595333452e+00 0.000000000000000000e+00
1.261626171352224617e+02 8.399999999895841896e+00 2.712748227416946101e+00 0.000000000000000000e+00
1.080133179530011205e+02 8.399999999895841896e+00 2.921101967238558750e+00 0.000000000000000000e+00
8.896919122656007062e+01 8.399999999895841896e+00 3.129455707060171399e+00 0.000000000000000000e+00
7.853612695768867979e+01 8.399999999895841896e+00 3.337809446881782272e+00 0.000000000000000000e+00
6.586119522819903693e+01 8.399999999895841896e+00 3.546163186703394921e+00 0.000000000000000000e+00
6.034164961759260848e+01 8.399999999895841896e+00 3.754516926525007570e+00 0.000000000000000000e+00
5.575680698532346469e+01 8.399999999895841896e+00 3.962870666346618442e+00 0.000000000000000000e+00
4.095846088455552092e+01 8.399999999895841896e+00 4.171224406168231091e+00 0.000000000000000000e+00
4.341930770424515629e+01 8.399999999895841896e+00 4.379578145989843740e+00 0.000000000000000000e+00
3.721710141239678649e+01 8.399999999895841896e+00 4.587931885811454613e+00 0.000000000000000000e+00
3.460122184827108072e+01 8.399999999895841896e+00 4.796285625633067262e+00 0.000000000000000000e+00
2.938337665407586741e+01 8.399999999895841896e+00 5.004639365454679911e+00 0.000000000000000000e+00
-1.184534082075145136e+02 8.399999999895841896e+00 -2.912802747733298503e+00 0.000000000000000000e+00
-1.019633350191718648e+02 8.399999999895841896e+00 -3.121156487554910264e+00 0.000000000000000000e+00
-8.826478889775100356e+01 8.399999999895841896e+00 -3.329510227376522913e+00 0.000000000000000000e+00
-8.070748126227560704e+01 8.399999999895841896e+00 -3.537863967198134230e+00 0.000000000000000000e+00
-6.804489144339851237e+01 8.399999999895841896e+00 -3.746217707019746879e+00 0.000000000000000000e+00
-6.682091592932586366e+01 8.399999999895841896e+00 -3.954571446841359084e+00 0.000000000000000000e+00
-5.478181861064155100e+01 8.399999999895841896e+00 -4.162925186662970845e+00 0.000000000000000000e+00
-5.843226885834754114e+01 8.399999999895841896e+00 -4.371278926484583494e+00 0.000000000000000000e+00
-4.748043450278379396e+01 8.399999999895841896e+00 -4.579632666306195254e+00 0.000000000000000000e+00
-4.810069799711450145e+01 8.399999999895841896e+00 -4.787986406127807015e+00 0.000000000000000000e+00
-3.888461858310419217e+01 8.399999999895841896e+00 -4.996340145949419664e+00 0.000000000000000000e+00
4.300046354285281041e+02 0.000000000000000000e+00 1.659104483886191694e+00 2.083537398216122119e-02
4.718882038144237185e+02 0.000000000000000000e+00 1.599830762632158176e+00 2.083537398216122119e-02
5.137717722003193330e+02 0.000000000000000000e+00 1.531169179684648718e+00 2.083537398216122119e-02
5.556553405862149475e+02 0.000000000000000000e+00 1.469298198006545597e+00 2.083537398216122119e-02
5.975389089721105620e+02 0.000000000000000000e+00 1.421426165846201961e+00 2.083537398216122119e-02
6.394224773580060628e+02 0.000000000000000000e+00 1.386622617867316443e+00 2.083537398216122119e-02
6.813060457439017910e+02 0.000000000000000000e+00 1.349635784272941841e+00 2.083537398216122119e-02
7.231896141297972918e+02 0.000000000000000000e+00 1.301206999170264389e+00 2.083537398216122119e-02
7.650731825156929062e+02 0.000000000000000000e+00 1.259298553926700315e+00 2.083537398216122119e-02
8.069567509015885207e+02 0.000000000000000000e+00 1.227583113703643924e+00 2.083537398216122119e-02
8.488403192874841352e+02 0.000000000000000000e+00 1.213854515704924530e+00 2.083537398216122119e-02
8.907238876733797497e+02 0.000000000000000000e+00 1.198262930531089232e+00 2.083537398216122119e-02
9.326074560592752505e+02 0.000000000000000000e+00 1.172642727803771656e+00 2.083537398216122119e-02
9.744910244451708650e+02 0.000000000000000000e+00 1.133174784606517882e+00 2.083537398216122119e-02
1.016374592831066593e+03 0.000000000000000000e+00 1.096405273972012928e+00 2.083537398216122119e-02
-1.144817535881146426e+02 0.000000000000000000e+00 -2.893161383071832127e+00 2.893161383071832238e-02
-1.563653219740102145e+02 0.000000000000000000e+00 -2.596363758350807238e+00 2.596363758350807294e-02
-1.982488903599058290e+02 0.000000000000000000e+00 -2.359708524816335640e+00 2.359708524816335820e-02
-2.401324587458014150e+02 0.000000000000000000e+00 -2.177152137051653114e+00 2.177152137051653266e-02
-2.820160271316970011e+02 0.000000000000000000e+00 -2.037095404956444256e+00 2.083537398216122119e-02
-3.238995955175926156e+02 0.000000000000000000e+00 -1.915093116212911895e+00 2.083537398216122119e-02
-3.657831639034882301e+02 0.000000000000000000e+00 -1.821712021128980119e+00 2.083537398216122119e-02
-4.076667322893838445e+02 0.000000000000000000e+00 -1.723858340695529456e+00 2.083537398216122119e-02
-4.495503006752794022e+02 0.000000000000000000e+00 -1.645456222749674957e+00 2.083537398216122119e-02
-4.914338690611749598e+02 0.000000000000000000e+00 -1.588169486764582139e+00 2.083537398216122119e-02
-5.333174374470705743e+02 0.000000000000000000e+00 -1.519343927386453963e+00 2.083537398216122119e-02
-5.752010058329661888e+02 0.000000000000000000e+00 -1.459324286317656316e+00 2.083537398216122119e-02
-6.170845742188618033e+02 0.000000000000000000e+00 -1.412345865914089948e+00 2.083537398216122119e-02
-6.589681426047574178e+02 0.000000000000000000e+00 -1.378638432929197855e+00 2.083537398216122119e-02
-7.008517109906529186e+02 0.000000000000000000e+00 -1.342587753296572650e+00 2.083537398216122119e-02
-7.427352793765486467e+02 0.000000000000000000e+00 -1.294712328979398031e+00 2.083537398216122119e-02
-7.846188477624441475e+02 0.000000000000000000e+00 -1.253148506354603953e+00 2.083537398216122119e-02
-8.265024161483397620e+02 0.000000000000000000e+00 -1.221347893191333966e+00 2.083537398216122119e-02
-8.683859845342353765e+02 0.000000000000000000e+00 -1.207849717754692520e+00 2.083537398216122119e-02
-9.102695529201309910e+02 0.000000000000000000e+00 -1.193228748923839788e+00 2.083537398216122119e-02
-9.521531213060266055e+02 0.000000000000000000e+00 -1.169296949101360283e+00 2.083537398216122119e-02
-9.940366896919221062e+02 0.000000000000000000e+00 -1.131180556197056930e+00 2.083537398216122119e-02
-1.035920258077817834e+03 0.000000000000000000e+00 -1.093545869914600566e+00 2.083537398216122119e-02
